1	0.998135645309  0.00426068121762
2	0.874170333577  0.0277911634989
3	0.961321463805  0.016099151298
4	1.01781300256   -0.000706990684965
5	0.958127808713  0.014224325195
6	1.06856957612   0.00587935355839
7	0.977546007166  0.00568562468474
8	0.904760959408  0.0246411238771
9	1.02537313939   -0.00403480604083
10	0.946421280823  0.00570206256919
11	1.07494496905   -0.0136873585119
12	1.04154089991   -0.0072716786745
13	1.05589118689   0.00740993389275
14	1.11371562971   -0.0222810745229
15	1.01776098359   -0.00506289404939
