#DataThief /Users/Mitch/Desktop/./lind.pdf.png Tuesday 7-Aug-2018 9:31:33 AM
2.975, 7.5732e-3
3.0874, 7.6872e-3
3.0866, 7.8003e-3
3.199, 7.9142e-3
3.1982, 8.0274e-3
3.1974, 8.1405e-3
3.3106, 8.1413e-3
3.423, 8.2552e-3
3.4222, 8.3684e-3
3.4214, 8.4815e-3
3.5339, 8.5954e-3
3.6463, 8.7093e-3
3.7587, 8.8233e-3
3.7579, 8.9364e-3
3.8702, 9.0503e-3
3.8695, 9.1635e-3
3.9819, 9.2774e-3
3.9811, 9.3905e-3
4.0935, 9.5045e-3
4.2059, 9.6184e-3
4.2051, 9.7315e-3
4.2043, 9.8447e-3
4.3175, 9.8454e-3
4.43, 9.9594e-3
4.5424, 0.0101
4.5415, 0.0102
4.5408, 0.0103
4.6532, 0.0104
4.6524, 0.0105
4.6516, 0.0106
4.7648, 0.0106
4.8772, 0.0108
4.8763, 0.0109
4.9888, 0.011
5.1012, 0.0111
5.2136, 0.0112
5.2128, 0.0113
5.212, 0.0114
5.3244, 0.0115
5.4369, 0.0117
5.5493, 0.0118
5.5485, 0.0119
5.6609, 0.012
5.7732, 0.0121
5.7725, 0.0122
5.7717, 0.0123
5.8841, 0.0125
5.8833, 0.0126
5.9965, 0.0126
6.1089, 0.0127
6.1081, 0.0128
6.2205, 0.0129
6.3338, 0.0129
6.333, 0.013
6.4454, 0.0131
6.5577, 0.0133
6.6702, 0.0134
6.6694, 0.0135
6.6686, 0.0136
6.781, 0.0137
6.8934, 0.0138
7.0058, 0.0139
7.1182, 0.0141
7.2306, 0.0142
7.3431, 0.0143
7.4555, 0.0144
7.5678, 0.0145
7.5671, 0.0146
7.6803, 0.0146
7.6795, 0.0147
7.7919, 0.0148
7.7911, 0.015
7.7903, 0.0151
7.9026, 0.0152
8.0159, 0.0152
8.0151, 0.0153
8.1283, 0.0153
8.2408, 0.0154
8.3532, 0.0155
8.3524, 0.0156
8.3516, 0.0158
8.464, 0.0159
8.5764, 0.016
8.6888, 0.0161
8.8012, 0.0162
8.9136, 0.0163
9.026, 0.0164
9.1393, 0.0164
9.1384, 0.0166
9.2509, 0.0167
9.3641, 0.0167
9.4765, 0.0168
9.4757, 0.0169
9.5889, 0.0169
9.7013, 0.017
9.8145, 0.017
9.8136, 0.0171
9.8129, 0.0172
9.9253, 0.0174
10.0377, 0.0175
10.0369, 0.0176
10.1494, 0.0177
10.2626, 0.0177
10.375, 0.0178
10.4874, 0.0179
10.5998, 0.018
10.599, 0.0181
10.7122, 0.0181
10.8246, 0.0183
10.8237, 0.0184
10.9362, 0.0185
11.0495, 0.0185
11.0487, 0.0186
11.1611, 0.0187
11.2735, 0.0188
11.3859, 0.0189
11.4983, 0.0191
11.6107, 0.0192
11.7231, 0.0193
11.8355, 0.0194
11.948, 0.0195
11.9472, 0.0196
12.0604, 0.0196
12.0596, 0.0197
12.172, 0.0199
12.2852, 0.0199
12.3976, 0.02
12.51, 0.0201
12.6232, 0.0201
12.6223, 0.0202
12.7348, 0.0203
12.8472, 0.0204
12.9597, 0.0205
13.0721, 0.0207
13.1844, 0.0208
13.2969, 0.0209
13.4093, 0.021
13.5217, 0.0211
13.6349, 0.0211
13.6341, 0.0212
13.7465, 0.0213
13.8598, 0.0213
13.9722, 0.0215
13.9714, 0.0216
14.0846, 0.0216
14.197, 0.0217
14.3094, 0.0218
14.4218, 0.0219
14.5342, 0.022
14.6465, 0.0221
14.7599, 0.0221
14.7591, 0.0223
14.8715, 0.0224
14.9847, 0.0224
15.0971, 0.0225
15.2095, 0.0226
15.3219, 0.0227
15.4343, 0.0228
15.5467, 0.0229
15.66, 0.0229
15.7724, 0.023
15.8848, 0.0232
15.9971, 0.0233
16.1096, 0.0234
16.2227, 0.0234
16.222, 0.0235
16.3352, 0.0235
16.4476, 0.0236
16.5601, 0.0237
16.6733, 0.0237
16.6724, 0.0238
16.7856, 0.0238
16.8981, 0.024
17.0105, 0.0241
17.1237, 0.0241
17.2361, 0.0242
17.3485, 0.0243
17.461, 0.0244
17.5742, 0.0244
17.6865, 0.0245
17.7997, 0.0245
17.9122, 0.0246
18.0246, 0.0248
18.1378, 0.0248
18.2502, 0.0249
18.3627, 0.025
18.4759, 0.025
18.5883, 0.0251
18.7006, 0.0252
18.8131, 0.0253
18.9263, 0.0253
18.9255, 0.0254
19.0387, 0.0254
19.1519, 0.0254
19.2643, 0.0256
19.3768, 0.0257
19.49, 0.0257
19.6024, 0.0258
19.7156, 0.0258
19.8288, 0.0258
19.9412, 0.0259
20.0536, 0.026
20.166, 0.0261
20.2793, 0.0261
20.3917, 0.0262
20.5049, 0.0262
20.6173, 0.0264
20.7305, 0.0264
20.8429, 0.0265
20.9561, 0.0265
21.0685, 0.0266
21.181, 0.0267
21.2942, 0.0267
21.4066, 0.0268
21.5198, 0.0268
21.6322, 0.0269
21.7454, 0.0269
21.8578, 0.0271
21.9702, 0.0272
22.0835, 0.0272
22.1967, 0.0272
22.3091, 0.0273
22.4223, 0.0273
22.5347, 0.0274
22.6471, 0.0275
22.7603, 0.0275
22.8727, 0.0276
22.986, 0.0276
23.0984, 0.0277
23.2116, 0.0277
23.324, 0.0279
23.4372, 0.0279
23.5495, 0.028
23.6627, 0.028
23.7752, 0.0281
23.8885, 0.0281
24.0017, 0.0281
24.1141, 0.0282
24.2273, 0.0282
24.3397, 0.0283
24.4529, 0.0283
24.5653, 0.0284
24.6785, 0.0284
24.791, 0.0285
24.9042, 0.0285
25.0174, 0.0285
25.1298, 0.0287
25.2429, 0.0287
25.3554, 0.0288
25.4686, 0.0288
25.581, 0.0289
25.6943, 0.0289
25.8067, 0.029
25.9199, 0.029
26.0323, 0.0291
26.1455, 0.0291
26.2587, 0.0291
26.3711, 0.0292
26.4843, 0.0292
26.5976, 0.0292
26.71, 0.0293
26.8232, 0.0293
26.9356, 0.0295
27.0488, 0.0295
27.1612, 0.0296
27.2744, 0.0296
27.3876, 0.0296
27.5001, 0.0297
27.6133, 0.0297
27.7257, 0.0298
27.8389, 0.0298
27.9513, 0.0299
28.0645, 0.0299
28.1777, 0.0299
28.2909, 0.0299
28.4034, 0.03
28.5166, 0.03
28.6298, 0.03
28.7429, 0.03
28.8561, 0.03
28.9686, 0.0302
29.081, 0.0303
29.1934, 0.0304
29.3067, 0.0304
29.4199, 0.0304
29.5323, 0.0305
29.6455, 0.0305
29.7587, 0.0305
29.8719, 0.0305
29.9851, 0.0305
30.0975, 0.0306
30.21, 0.0307
30.3232, 0.0307
30.4356, 0.0308
30.5488, 0.0308
30.662, 0.0308
30.7744, 0.031
30.8876, 0.031
31.0008, 0.031
31.1133, 0.0311
31.2265, 0.0311
31.3397, 0.0311
31.4521, 0.0312
31.5653, 0.0312
31.6785, 0.0312
31.7909, 0.0313
31.9041, 0.0313
32.0174, 0.0313
32.1298, 0.0314
32.2429, 0.0314
32.3554, 0.0315
32.4686, 0.0315
32.5817, 0.0315
32.6949, 0.0315
32.8074, 0.0317
32.9207, 0.0317
33.0339, 0.0317
33.1463, 0.0318
33.2595, 0.0318
33.3727, 0.0318
33.4851, 0.0319
33.5983, 0.0319
33.7115, 0.0319
33.8239, 0.032
33.9372, 0.032
34.0504, 0.032
34.1636, 0.032
34.2768, 0.032
34.3892, 0.0321
34.5024, 0.0321
34.6157, 0.0321
34.7281, 0.0322
34.8413, 0.0322
34.9545, 0.0322
35.0677, 0.0322
35.1801, 0.0323
35.2933, 0.0323
35.4064, 0.0323
35.5198, 0.0323
35.6322, 0.0325
35.7454, 0.0325
35.8586, 0.0325
35.971, 0.0326
36.0842, 0.0326
36.1974, 0.0326
36.3106, 0.0326
36.4239, 0.0326
36.5363, 0.0327
36.6495, 0.0327
36.7627, 0.0327
36.8759, 0.0327
36.9883, 0.0328
37.1015, 0.0328
37.2147, 0.0328
37.328, 0.0328
37.4412, 0.0328
37.5535, 0.0329
37.6667, 0.0329
37.78, 0.0329
37.8932, 0.0329
38.0056, 0.033
38.1188, 0.033
38.2321, 0.033
38.3453, 0.033
38.4585, 0.033
38.5709, 0.0332
38.6841, 0.0332
38.7973, 0.0332
38.9104, 0.0332
39.0229, 0.0333
39.1362, 0.0333
39.2494, 0.0333
39.3626, 0.0333
39.475, 0.0334
39.5882, 0.0334
39.7014, 0.0334
39.8146, 0.0334
39.9278, 0.0334
40.0411, 0.0334
40.1543, 0.0334
40.2667, 0.0335
40.3799, 0.0335
40.4923, 0.0336
40.6055, 0.0336
40.7187, 0.0336
40.8319, 0.0336
40.9452, 0.0336
41.0584, 0.0336
41.1708, 0.0337
41.284, 0.0337
41.3972, 0.0337
41.5104, 0.0337
41.6236, 0.0337
41.736, 0.0339
41.8493, 0.0339
41.9625, 0.0339
42.0757, 0.0339
42.1889, 0.0339
42.3013, 0.034
42.4144, 0.034
42.5276, 0.034
42.6409, 0.034
42.7542, 0.034
42.8674, 0.034
42.9798, 0.0341
43.093, 0.0341
43.2062, 0.0341
43.3194, 0.0341
43.4325, 0.0341
43.545, 0.0342
43.6583, 0.0342
43.7715, 0.0342
43.8847, 0.0342
43.9979, 0.0342
44.1103, 0.0343
44.2235, 0.0343
44.3367, 0.0343
44.45, 0.0343
44.5632, 0.0343
44.6756, 0.0344
44.7888, 0.0344
44.902, 0.0344
45.0152, 0.0344
45.1284, 0.0345
45.2416, 0.0345
45.3541, 0.0346
45.4673, 0.0346
45.5805, 0.0346
45.6937, 0.0346
45.8069, 0.0346
45.9193, 0.0347
46.0325, 0.0347
46.1457, 0.0347
46.259, 0.0347
46.3721, 0.0347
46.4854, 0.0347
46.5977, 0.0348
46.7109, 0.0348
46.8242, 0.0348
46.9374, 0.0348
47.0506, 0.0348
47.1639, 0.0348
47.2763, 0.0349
47.3895, 0.0349
47.5027, 0.0349
47.6159, 0.0349
47.729, 0.0349
47.8423, 0.0349
47.9546, 0.035
48.068, 0.035
48.1812, 0.035
48.2944, 0.035
48.4076, 0.035
48.5208, 0.035
48.634, 0.035
48.7464, 0.0352
48.8596, 0.0352
48.9729, 0.0352
49.0861, 0.0352
49.1993, 0.0352
49.3125, 0.0352
49.4249, 0.0352
49.5381, 0.0352
49.6513, 0.0352
49.7645, 0.0352
49.8778, 0.0352
49.991, 0.0352
50.1042, 0.0352
50.2166, 0.0354
50.3298, 0.0354
50.443, 0.0354
50.5562, 0.0354
50.6694, 0.0354
50.7827, 0.0354
50.8951, 0.0355
51.0083, 0.0355
51.1215, 0.0355
51.2347, 0.0355
51.3479, 0.0355
51.4611, 0.0355
51.5744, 0.0355
51.6867, 0.0356
51.8, 0.0356
51.9132, 0.0356
52.0264, 0.0356
52.1396, 0.0356
52.2528, 0.0356
52.366, 0.0356
52.4785, 0.0357
52.5917, 0.0357
52.7048, 0.0357
52.8181, 0.0357
52.9313, 0.0357
53.0445, 0.0357
53.1577, 0.0357
53.2709, 0.0358
53.3834, 0.0359
53.4966, 0.0359
53.6098, 0.0359
53.7229, 0.0359
53.8362, 0.0359
53.9494, 0.0359
54.0626, 0.0359
54.1758, 0.0359
54.2883, 0.036
54.4015, 0.036
54.5147, 0.036
54.6279, 0.036
54.741, 0.036
54.8542, 0.036
54.9675, 0.036
55.0807, 0.036
55.1932, 0.0361
55.3064, 0.0361
55.4196, 0.0361
55.5328, 0.0361
55.646, 0.0361
55.7591, 0.0361
55.8723, 0.0361
55.9856, 0.0361
56.0981, 0.0362
56.2113, 0.0362
56.3245, 0.0362
56.4377, 0.0362
56.5509, 0.0362
56.6641, 0.0362
56.7772, 0.0362
56.8904, 0.0362
57.003, 0.0363
57.1162, 0.0363
57.2294, 0.0363
57.3426, 0.0363
57.4558, 0.0363
57.569, 0.0363
57.6822, 0.0363
57.7946, 0.0365
57.9079, 0.0365
58.0211, 0.0365
58.1343, 0.0365
58.2475, 0.0365
58.3607, 0.0365
58.4739, 0.0365
58.5871, 0.0365
58.7004, 0.0365
58.8136, 0.0365
58.926, 0.0366
59.0392, 0.0366
59.1524, 0.0366
59.2656, 0.0366
59.3788, 0.0366
59.492, 0.0366
59.6053, 0.0366
59.7185, 0.0366
59.8317, 0.0366
59.9449, 0.0366
60.0581, 0.0366
60.1705, 0.0367
60.2837, 0.0367
60.3969, 0.0367
60.5102, 0.0367
60.6226, 0.0368
60.7358, 0.0368
60.849, 0.0368
60.9622, 0.0368
61.0754, 0.0368
61.1886, 0.0368
61.3018, 0.0368
61.4151, 0.0368
61.5283, 0.0368
61.6415, 0.0368
61.7539, 0.0369
61.8671, 0.0369
61.9803, 0.0369
62.0935, 0.0369
62.2067, 0.0369
62.32, 0.0369
62.4332, 0.0369
62.5464, 0.0369
62.6596, 0.0369
62.7728, 0.0369
62.8852, 0.0371
62.9984, 0.0371
63.1116, 0.0371
63.2248, 0.0371
63.3381, 0.0371
63.4513, 0.0371
63.5645, 0.0371
63.6777, 0.0371
63.7909, 0.0371
63.9041, 0.0371
64.0173, 0.0371
64.1298, 0.0372
64.2429, 0.0372
64.3562, 0.0372
64.4694, 0.0372
64.5826, 0.0372
64.6958, 0.0372
64.809, 0.0372
64.9223, 0.0372
65.0355, 0.0372
65.1479, 0.0373
65.261, 0.0373
65.3743, 0.0373
65.4875, 0.0373
65.6007, 0.0373
65.7139, 0.0373
65.8272, 0.0373
65.9404, 0.0373
66.0536, 0.0373
66.1668, 0.0373
66.28, 0.0373
66.3924, 0.0374
66.5056, 0.0374
66.6188, 0.0374
66.7321, 0.0374
66.8453, 0.0374
66.9585, 0.0374
67.0717, 0.0374
67.1849, 0.0374
67.2981, 0.0374
67.4113, 0.0374
67.5237, 0.0375
67.637, 0.0375
67.7502, 0.0375
67.8634, 0.0375
67.9766, 0.0375
68.0898, 0.0375
68.203, 0.0375
68.3162, 0.0376
68.4294, 0.0376
68.5427, 0.0376
68.6559, 0.0376
68.7691, 0.0376
68.8822, 0.0376
68.9955, 0.0376
69.1087, 0.0376
69.2219, 0.0376
69.3343, 0.0377
69.4476, 0.0377
69.5608, 0.0377
69.674, 0.0377
69.7872, 0.0377
69.9003, 0.0377
70.0136, 0.0377
70.1268, 0.0377
70.24, 0.0377
70.3525, 0.0378
70.4657, 0.0378
70.5789, 0.0378
70.6921, 0.0378
70.8053, 0.0378
70.9184, 0.0378
71.0317, 0.0378
71.145, 0.0378
71.2582, 0.0378
71.3714, 0.0378
71.4846, 0.0378
71.5977, 0.0378
71.7109, 0.0378
71.8242, 0.0378
71.9374, 0.0378
72.0507, 0.0378
72.1639, 0.0378
72.2771, 0.0378
72.3902, 0.0378
72.5027, 0.0379
72.6159, 0.0379
72.729, 0.0379
72.8423, 0.0379
72.9556, 0.0379
73.0688, 0.0379
73.182, 0.0379
73.2952, 0.0379
73.4083, 0.0379
73.5215, 0.0379
73.6348, 0.0379
73.748, 0.0379
73.8613, 0.0379
73.9745, 0.0379
74.0877, 0.0379
74.2001, 0.038
74.3133, 0.038
74.4264, 0.038
74.5396, 0.038
74.6529, 0.038
74.7662, 0.038
74.8794, 0.038
74.9926, 0.038
75.1058, 0.038
75.219, 0.038
75.3322, 0.0381
75.4454, 0.0381
75.5586, 0.0381
75.6719, 0.0381
75.7851, 0.0381
75.8982, 0.0381
76.0115, 0.0381
76.1239, 0.0382
76.2371, 0.0382
76.3503, 0.0382
76.4635, 0.0382
76.5768, 0.0382
76.69, 0.0382
76.8032, 0.0382
76.9163, 0.0382
77.0296, 0.0382
77.1428, 0.0382
77.256, 0.0382
77.3693, 0.0382
77.4825, 0.0382
77.5957, 0.0382
77.7088, 0.0382
77.8221, 0.0382
77.9344, 0.0383
78.0477, 0.0383
78.1609, 0.0383
78.2742, 0.0383
78.3874, 0.0383
78.5006, 0.0383
78.6138, 0.0383
78.7269, 0.0383
78.8401, 0.0383
78.9534, 0.0383
79.0666, 0.0383
79.1799, 0.0383
79.2931, 0.0383
79.4062, 0.0383
79.5194, 0.0383
79.6327, 0.0383
79.7459, 0.0383
79.8591, 0.0383
79.9723, 0.0383
80.0856, 0.0383
80.1988, 0.0383
80.3112, 0.0384
80.4243, 0.0384
80.5375, 0.0384
80.6508, 0.0384
80.764, 0.0384
80.8772, 0.0384
80.9905, 0.0384
81.1037, 0.0384
81.2169, 0.0384
81.3301, 0.0384
81.4433, 0.0384
81.5565, 0.0384
81.6697, 0.0384
81.7829, 0.0384
81.8961, 0.0384
82.0094, 0.0384
82.1226, 0.0384
82.2358, 0.0384
82.349, 0.0384
82.4614, 0.0386
82.5746, 0.0386
82.6879, 0.0386
82.8011, 0.0386
82.9143, 0.0386
83.0275, 0.0386
83.1407, 0.0386
83.2539, 0.0386
83.3671, 0.0386
83.4803, 0.0386
83.5936, 0.0386
83.7067, 0.0386
83.8199, 0.0386
83.9332, 0.0386
84.0464, 0.0386
84.1596, 0.0386
84.2728, 0.0386
84.386, 0.0386
84.4993, 0.0386
84.6125, 0.0386
84.7257, 0.0386
84.838, 0.0387
84.9513, 0.0387
85.0645, 0.0387
85.1777, 0.0387
85.2909, 0.0387
85.4042, 0.0387
85.5173, 0.0387
85.6306, 0.0387
85.7438, 0.0387
85.857, 0.0387
85.9702, 0.0387
86.0834, 0.0387
86.1966, 0.0387
86.3099, 0.0387
86.4231, 0.0387
86.5363, 0.0387
86.6495, 0.0387
86.7627, 0.0387
86.8759, 0.0387
86.9891, 0.0387
87.1023, 0.0387
87.2156, 0.0387
87.3288, 0.0387
87.442, 0.0387
87.5552, 0.0387
87.6684, 0.0387
87.7816, 0.0387
87.894, 0.0388
88.0073, 0.0388
88.1205, 0.0388
88.2337, 0.0388
88.3469, 0.0388
88.4601, 0.0388
88.5733, 0.0388
88.6865, 0.0388
88.7997, 0.0388
88.913, 0.0388
89.0262, 0.0388
89.1394, 0.0388
89.2526, 0.0388
89.3658, 0.0388
89.479, 0.0388
89.5922, 0.0388
89.7054, 0.0388
89.8187, 0.0388
89.9319, 0.0388
90.0451, 0.0388
90.1575, 0.0389
90.2707, 0.0389
90.3839, 0.0389
90.4971, 0.0389
90.6103, 0.0389
90.7236, 0.0389
90.8368, 0.0389
90.95, 0.0389
91.0632, 0.0389
91.1764, 0.0389
91.2896, 0.039
91.4028, 0.039
91.516, 0.039
91.6293, 0.039
91.7425, 0.039
91.8557, 0.039
91.9689, 0.039
92.0821, 0.039
92.1953, 0.039
92.3085, 0.039
92.4217, 0.039
92.535, 0.039
92.6482, 0.039
92.7614, 0.039
92.8746, 0.039
92.9878, 0.039
93.101, 0.039
93.2142, 0.039
93.3267, 0.0391
93.4399, 0.0391
93.5531, 0.0391
93.6663, 0.0391
93.7795, 0.0391
93.8927, 0.0391
94.0059, 0.0391
94.1191, 0.0391
94.2324, 0.0391
94.3456, 0.0391
94.4588, 0.0391
94.572, 0.0391
94.6852, 0.0391
94.7984, 0.0391
94.9116, 0.0391
95.0248, 0.0391
95.1381, 0.0391
95.2513, 0.0391
95.3645, 0.0391
95.4777, 0.0391
95.5909, 0.0391
95.7041, 0.0391
95.8173, 0.0391
95.9304, 0.0391
96.0438, 0.0391
96.157, 0.0391
96.2702, 0.0391
96.3826, 0.0392
96.4958, 0.0392
96.609, 0.0392
96.7222, 0.0392
96.8354, 0.0392
96.9487, 0.0392
97.0619, 0.0392
97.1751, 0.0392
97.2883, 0.0392
97.4015, 0.0392
97.5147, 0.0392
97.6279, 0.0392
97.741, 0.0392
97.8544, 0.0392
97.9676, 0.0392
98.0808, 0.0392
98.194, 0.0392
98.3072, 0.0392
98.4203, 0.0392
98.5335, 0.0392
98.6469, 0.0392
98.7601, 0.0392
98.8733, 0.0392
98.9865, 0.0392
99.0997, 0.0392
99.2129, 0.0392
99.3261, 0.0392
99.4393, 0.0392
99.5526, 0.0392
99.665, 0.0393
99.7782, 0.0393
99.8921, 0.0392
