'Erecoil_keV_low'    'GGA1_NR_low    Erecoil_keV_high    GGA1_NR_high
11.0197              -0.00202794     1.89725             1.50072
11.3235              0.00508184      1.92804             1.4886
11.6309              0.0121827       1.95883             1.47648
11.9934              0.0191483       1.98962             1.46436
12.3254              0.0261916       2.02041             1.45224
12.6585              0.0332293       2.0512              1.44013
13.115               0.0399434       2.05803             1.42801
13.5195              0.0471839       2.05803             1.41589
13.9395              0.05427         2.07589             1.40377
14.3757              0.0612048       2.09671             1.39165
14.8287              0.0679911       2.11753             1.37953
15.299               0.0746319       2.13835             1.36741
15.7873              0.0811301       2.15917             1.35529
16.2942              0.0874887       2.17998             1.34317
16.8202              0.0937106       2.2008              1.33105
17.366               0.0997989       2.22162             1.31893
17.9321              0.105756        2.24244             1.30681
18.5193              0.111586        2.26326             1.29469
19.128               0.117291        2.28408             1.28257
19.7588              0.122873        2.3049              1.27045
20.4124              0.128337        2.32572             1.25833
21.0894              0.133685        2.34654             1.24621
21.7904              0.138919        2.388               1.2341
22.5159              0.144044        2.43472             1.22198
23.2665              0.149061        2.48143             1.20986
24.043               0.153974        2.52815             1.19775
24.8458              0.158786        2.57486             1.18563
25.6755              0.163499        2.62157             1.17352
26.5328              0.168117        2.65936             1.1614
27.4183              0.172642        2.68848             1.14928
28.3246              0.17687         2.71759             1.13716
29.2159              0.180621        2.74671             1.12504
30.0816              0.184727        2.77582             1.11292
31.0026              0.188528        2.81103             1.10084
31.9265              0.192183        2.85418             1.08879
32.8532              0.195698        2.89778             1.07671
33.783               0.199077        2.942               1.06463
34.7159              0.202326        2.98698             1.05253
35.652               0.205452        3.03288             1.04041
36.5914              0.208459        3.07985             1.02829
37.5344              0.211353        3.12805             1.01615
38.4809              0.214139        3.17764             1.00401
39.4311              0.216823        3.22877             0.991864
40.3851              0.219411        3.28159             0.979712
41.343               0.221908        3.33627             0.967557
42.305               0.224319        3.39295             0.955401
43.2711              0.226649        3.45178             0.943245
44.2416              0.228906        3.51293             0.931091
45.2163              0.231093        3.57656             0.918941
46.1956              0.233216        3.6428              0.906796
47.1795              0.235282        3.71183             0.894658
48.1682              0.237295        3.78379             0.882529
49.1616              0.23926         3.85884             0.87041
50.1601              0.241184        3.93713             0.858303
51.1636              0.243072        4.01882             0.846209
52.1723              0.24493         4.10407             0.83413
53.1863              0.246762        4.19302             0.822067
54.2057              0.248574        4.28584             0.810023
55.2294              0.250173        4.38268             0.797999
56.2438              0.251492        4.49544             0.785928
57.2435              0.253307        4.61268             0.773837
58.2593              0.254577        4.72992             0.761746
59.2566              0.25653         4.84716             0.749655
60.2724              0.258059        4.93135             0.73755
61.2878              0.259545        5.02639             0.725451
62.3027              0.260989        5.16416             0.713375
63.3173              0.262394        5.31209             0.701301
64.3316              0.263762        5.47122             0.689232
65.3459              0.265094        5.64256             0.677172
66.3601              0.266394        5.82715             0.665121
67.3743              0.267662        6.02601             0.653083
68.3887              0.268902        6.24016             0.641059
69.4034              0.270116        6.47064             0.629053
70.4185              0.271305        6.71846             0.617066
71.434               0.272471        6.98466             0.605101
72.4501              0.273618        7.27026             0.59316
73.4669              0.274746        7.57629             0.581246
74.4844              0.275858        7.90377             0.569361
75.5028              0.276957        8.25374             0.557508
76.5222              0.278044        8.62721             0.545688
77.5427              0.279121        9.04033             0.533937
78.5643              0.280191        9.54973             0.522385
79.5872              0.281256        10.0768             0.51088
80.6115              0.282317        10.7179             0.499673
81.6373              0.283377        11.4179             0.488661
82.6646              0.284439        12.1815             0.477655
83.6936              0.285503        13.0757             0.466481
84.7244              0.286573        14.0882             0.456447
85.7476              0.287742        15.2097             0.447495
86.7692              0.288827        16.4313             0.439566
87.7915              0.289878        17.7436             0.4326
88.8138              0.290929        19.1376             0.426539
89.8385              0.291753        20.604              0.421323
90.864               0.292523        22.1337             0.416894
91.8898              0.293303        23.7176             0.413193
92.9158              0.294093        25.3464             0.41016
93.9419              0.294891        27.011              0.407737
94.9683              0.295696        28.7022             0.405865
95.9948              0.296505        30.411              0.404485
97.0214              0.297318        32.128              0.403537
98.0482              0.298134        33.8442             0.402964
99.0752              0.29895         35.5503             0.402705
100.102              0.299766        37.2373             0.402703
101.129              0.300581        38.8959             0.402897
102.157              0.301392        40.5169             0.403229
103.184              0.302199        42.1724             0.403347
104.211              0.303           43.8549             0.403347
105.239              0.303794        45.5316             0.403941
106.266              0.304579        47.2094             0.404417
107.294              0.305354        48.8891             0.404841
108.321              0.306118        50.5663             0.405686
109.349              0.30687         52.2438             0.406535
110.376              0.307607        53.9216             0.407388
111.405              0.308102        55.5995             0.408245
112.433              0.308591        57.2777             0.409108
113.455              0.309638        58.956              0.409976
114.482              0.31021         60.6345             0.410849
115.512              0.310544        62.313              0.411729
116.538              0.31127         63.9916             0.412615
117.565              0.311987        65.6703             0.413509
118.592              0.312697        67.3489             0.41441
119.619              0.313399        69.0275             0.415319
120.646              0.314094        70.706              0.416236
121.673              0.31478         72.3844             0.417161
122.701              0.31546         74.0626             0.418096
123.728              0.316132        75.7407             0.419041
124.756              0.316796        77.4186             0.419995
125.784              0.317454        79.0963             0.42096
126.812              0.318104        80.7737             0.421935
127.841              0.318748        82.4507             0.422922
128.869              0.319385        84.1275             0.42392
129.898              0.320015        85.8038             0.42493
130.926              0.320639        87.4798             0.425953
131.955              0.321256        89.1554             0.426989
132.984              0.321867        90.8304             0.428038
134.014              0.322472        92.5076             0.428763
135.043              0.32307         94.1796             0.429826
136.072              0.323663        95.8586             0.430268
137.102              0.32425         97.5339             0.431194
138.132              0.324831        99.2095             0.432113
139.161              0.325406        100.885             0.433027
140.191              0.325976        102.562             0.433935
141.221              0.32654         104.238             0.434837
142.251              0.327099        105.915             0.435733
143.282              0.327653        107.592             0.436623
144.312              0.328202        109.269             0.437506
145.342              0.328745        110.946             0.438384
146.373              0.329284        112.624             0.439256
147.403              0.329818        114.302             0.440122
148.434              0.330348        115.98              0.440982
149.465              0.330873        117.658             0.441836
150.495              0.331393        119.337             0.442683
151.526              0.331909        121.015             0.443525
152.557              0.332421        122.694             0.444361
153.588              0.332929        124.373             0.445191
154.619              0.333433        126.052             0.446015
155.65               0.333933        127.732             0.446832
156.681              0.33443         129.411             0.447644
157.712              0.334923        131.091             0.44845
158.744              0.335412        132.77              0.44925
159.775              0.335898        134.45              0.450044
160.806              0.33638         136.13              0.450831
161.837              0.336859        137.81              0.451613
162.869              0.337336        139.49              0.452389
163.9                0.337809        141.171             0.453159
164.931              0.33828         142.851             0.453923
165.963              0.338747        144.531             0.45468
166.994              0.339212        146.212             0.455432
168.025              0.339675        147.892             0.456178
169.057              0.340135        149.573             0.456918
170.088              0.340593        151.254             0.457652
171.119              0.341049        152.934             0.45838
172.15               0.341503        154.615             0.459101
173.182              0.341954        156.296             0.459817
174.213              0.342404        157.976             0.460527
175.244              0.342853        159.657             0.461231
176.275              0.343299        161.338             0.461929
177.306              0.343744        163.018             0.46262
178.338              0.344188        164.699             0.463306
179.369              0.344631        166.38              0.463986
180.4                0.345072        168.06              0.46466
181.431              0.345512        169.741             0.465328
182.461              0.345952        171.421             0.46599
183.492              0.34639         173.102             0.466646
184.523              0.346828        174.782             0.467295
185.554              0.347265        176.462             0.467939
186.584              0.347702        178.142             0.468577
187.615              0.348138        179.822             0.469209
188.645              0.348574        181.502             0.469835
189.676              0.34901         183.182             0.470455
190.706              0.349446        184.862             0.471069
191.736              0.349882        186.542             0.471677
192.766              0.350319        188.221             0.472279
193.796              0.350755        189.9               0.472875
194.826              0.351192        191.58              0.473464
195.856              0.35163         193.259             0.474048
196.886              0.352068        194.938             0.474626
197.915              0.352507        196.616             0.475198
198.947              0.352575        198.287             0.476402
199.97               0.353615        199.97              0.476402
