#DataThief /Users/villaa/./PIC2_Dougherty_fig2.png Wednesday 6-Feb-2019 2:34:59 PM
3.1868, 27.0609
3.222, 27.2191
3.2216, 27.3778
3.2575, 27.3782
3.257, 27.5377
3.293, 27.6987
3.3296, 27.6993
3.3668, 27.6998
3.4043, 27.7003
3.4419, 27.8622
3.4803, 27.8627
3.5191, 27.8632
3.5583, 27.8637
3.5984, 27.7026
3.6389, 27.5425
3.6795, 27.543
3.7201, 27.7041
3.7614, 27.7045
3.8034, 27.705
3.8454, 27.867
3.8883, 27.8675
3.9316, 27.8679
3.9748, 28.0309
3.9745, 28.1943
4.0188, 28.1948
4.0183, 28.3591
4.0626, 28.5249
4.1078, 28.5253
4.1537, 28.5259
4.1995, 28.6926
4.2463, 28.6932
4.2936, 28.6937
4.341, 28.8614
4.3894, 28.8618
4.4383, 28.8624
4.4878, 28.8629
4.5373, 29.0317
4.5878, 29.0322
4.639, 29.0327
4.6901, 29.2024
4.7424, 29.2029
4.7953, 29.2034
4.8481, 29.374
4.9022, 29.3746
4.9567, 29.3752
5.0115, 29.5469
5.0674, 29.5474
5.1238, 29.5479
5.181, 29.5484
5.2381, 29.7212
5.2965, 29.7217
5.3555, 29.7222
5.4146, 29.896
5.4748, 29.8965
5.5359, 29.897
5.5977, 29.8975
5.6594, 30.0723
5.7225, 30.0728
5.7863, 30.0733
5.85, 30.2492
5.9153, 30.2497
5.9805, 30.4264
6.0472, 30.4271
6.1146, 30.4276
6.1827, 30.4281
6.2509, 30.6059
6.3206, 30.6065
6.391, 30.6071
6.4623, 30.6076
6.5335, 30.7865
6.6064, 30.7871
6.68, 30.7875
6.7537, 30.9676
6.8289, 30.9681
6.9042, 31.1492
6.9811, 31.1497
7.0582, 31.3317
7.1369, 31.3324
7.2164, 31.3329
7.2968, 31.3334
7.3782, 31.334
7.4604, 31.3345
7.5427, 31.5177
7.6268, 31.5183
7.7127, 31.3361
7.7987, 31.3367
7.8856, 31.3372
7.9735, 31.3377
8.0624, 31.3383
8.1513, 31.5215
8.2421, 31.522
8.334, 31.5226
8.4259, 31.7069
8.5188, 31.8921
8.5178, 32.0782
8.6128, 32.0787
8.6117, 32.2657
8.7067, 32.4544
8.8037, 32.4549
8.9008, 32.6447
9.0001, 32.6452
9.1004, 32.6458
9.2006, 32.8367
9.3033, 32.8372
9.407, 32.8378
9.5107, 33.0298
9.6167, 33.0303
9.7239, 33.0309
9.8312, 33.224
9.9407, 33.2246
10.0515, 33.2252
10.1623, 33.4194
10.2757, 33.42
10.389, 33.6154
10.5048, 33.616
10.6219, 33.6165
10.7403, 33.6171
10.8587, 33.8136
10.9797, 33.8142
11.1008, 34.0119
11.2246, 34.0125
11.3497, 34.0131
11.4762, 34.0137
11.604, 34.0143
11.7321, 34.2131
11.8628, 34.2137
11.9937, 34.4138
12.1273, 34.4143
12.2625, 34.4149
12.3978, 34.6162
12.5359, 34.6167
12.6757, 34.6173
12.8155, 34.8197
12.9583, 34.8203
13.1012, 35.0239
13.2472, 35.0245
13.3933, 35.2293
13.5426, 35.2299
13.6936, 35.2305
13.8462, 35.2311
13.9989, 35.4371
14.1549, 35.4377
14.311, 35.6449
14.4705, 35.6455
14.6318, 35.6461
14.7949, 35.6467
14.9598, 35.6473
14.9581, 35.8551
15.123, 36.0648
15.2916, 36.0654
15.462, 36.066
15.6326, 36.2769
15.8068, 36.2775
15.983, 36.2781
16.1611, 36.2787
16.3394, 36.4908
16.5215, 36.4915
16.7056, 36.4921
16.8899, 36.7054
17.0781, 36.7061
17.2665, 36.9207
17.4588, 36.9213
17.6535, 36.9219
17.8481, 37.1378
18.0472, 37.1384
18.2483, 37.1391
18.4496, 37.3562
18.6552, 37.3569
18.8609, 37.5753
19.0712, 37.5758
19.2837, 37.5766
19.4987, 37.5772
19.7137, 37.7969
19.9311, 38.0179
20.1533, 38.0185
20.3779, 38.0192
20.6026, 38.2415
20.8323, 38.2421
21.062, 38.4657
21.2968, 38.4664
21.5341, 38.467
21.7715, 38.6919
22.0143, 38.6926
22.257, 38.9188
22.5051, 38.9195
22.756, 38.9202
23.0069, 39.1477
23.2634, 39.1484
23.5227, 39.1491
23.7821, 39.3779
24.0472, 39.3786
24.3124, 39.6089
24.5834, 39.6095
24.8574, 39.6101
25.1344, 39.6109
25.4116, 39.8425
25.6949, 39.8432
25.9782, 40.0761
26.2678, 40.0768
26.5575, 40.3111
26.8535, 40.3118
27.1496, 40.5474
27.4522, 40.5482
27.7582, 40.5489
28.0643, 40.786
28.3772, 40.7867
28.6901, 41.0251
29.0099, 41.0258
29.3332, 41.0265
29.6566, 41.2664
29.9872, 41.2671
30.318, 41.5084
30.6559, 41.5091
30.9976, 41.5098
31.3431, 41.5105
31.6888, 41.7532
32.042, 41.7539
32.3954, 41.998
32.7564, 41.9988
33.1216, 41.9995
33.4868, 42.245
33.8601, 42.2458
34.2335, 42.4928
34.6151, 42.4935
35.0009, 42.4942
35.3869, 42.7427
35.7812, 42.7433
36.1759, 42.9933
36.5791, 42.994
36.9825, 43.2454
37.3947, 43.2461
37.8115, 43.2469
38.2285, 43.4997
38.6545, 43.5005
39.0855, 43.5011
39.5165, 43.7556
39.9569, 43.7563
40.3976, 44.0121
40.8479, 44.0129
41.2984, 44.2702
41.7587, 44.271
42.2242, 44.2717
42.6898, 44.5306
43.1656, 44.5312
43.6417, 44.7917
44.128, 44.7925
44.62, 44.7932
45.112, 45.0551
45.6149, 45.0559
46.1179, 45.3193
46.6319, 45.3201
47.1517, 45.3209
47.6717, 45.5859
48.2031, 45.5866
48.7346, 45.8532
49.2779, 45.8538
49.8271, 45.8547
50.3766, 46.1228
50.9381, 46.1236
51.5059, 46.1244
52.0739, 46.3941
52.6543, 46.3949
53.2349, 46.6661
53.8284, 46.6669
54.422, 46.9398
55.0286, 46.9405
55.642, 46.9414
56.2556, 47.2158
56.8826, 47.2166
57.5099, 47.4927
58.1509, 47.4935
58.7991, 47.4943
59.4475, 47.772
60.1101, 47.7728
60.773, 48.0521
61.4504, 48.053
62.128, 48.3338
62.8206, 48.3347
63.5208, 48.3356
64.2213, 48.6181
64.9371, 48.619
65.6533, 48.9033
66.3851, 48.9041
67.1171, 49.19
67.8652, 49.1909
68.6137, 49.4785
69.3784, 49.4793
70.1518, 49.4802
70.9254, 49.7694
71.7159, 49.7703
72.5068, 50.0613
73.315, 50.0622
74.1322, 50.063
74.9497, 50.3557
75.7851, 50.3566
76.6209, 50.651
77.4748, 50.6519
78.3385, 50.6526
79.2024, 50.9489
80.0852, 50.9498
80.9684, 51.2476
81.8709, 51.2485
82.7833, 51.2494
83.6964, 51.549
84.6293, 51.5499
85.5726, 51.5508
86.5264, 51.5516
87.4806, 51.8531
88.4557, 51.854
89.4312, 52.1572
90.428, 52.158
91.4359, 52.1589
92.4443, 52.4639
93.4857, 52.1607
94.5276, 52.1616
94.5388, 51.8593
95.5925, 51.8601
96.658, 51.8611
97.724, 52.1643
98.8132, 52.1652
99.9146, 52.1661
101.0165, 52.4711
102.1425, 52.472
103.281, 52.4729
104.4322, 52.4738
104.4199, 52.7797
104.4077, 53.0873
103.2689, 52.7788
102.1305, 52.7779
101.0046, 52.777
99.9029, 52.4702
98.8016, 52.4693
97.7125, 52.4684
96.6467, 52.1634
95.5813, 52.1625
94.5388, 51.8593
93.4966, 51.8584
92.4768, 51.557
91.4574, 51.5561
90.4492, 51.5552
89.4626, 51.2555
88.4764, 51.2547
87.5011, 51.2538
86.5467, 50.9559
85.5927, 50.955
84.6591, 50.6588
83.716, 50.9532
83.7062, 51.2503
82.7833, 51.2494
82.7737, 51.5482
81.8613, 51.5473
80.9684, 51.2476
80.0758, 51.2468
79.1931, 51.2459
78.3293, 50.948
77.4658, 50.9471
76.6118, 50.9463
75.7762, 50.6501
74.9409, 50.6493
74.1148, 50.6484
73.3064, 50.354
72.4983, 50.3531
71.6991, 50.3523
70.9171, 50.0596
70.1353, 50.0587
69.3703, 49.7678
68.6056, 49.7669
67.8573, 49.4776
67.1093, 49.4768
66.3773, 49.1892
65.6456, 49.1884
64.9295, 48.9024
64.2138, 48.9016
63.5133, 48.6173
62.8132, 48.6165
62.128, 48.3338
61.4432, 48.3331
60.7659, 48.3323
60.1031, 48.0513
59.4405, 48.0505
58.7922, 47.7711
58.1441, 47.7704
57.5032, 47.7696
56.8759, 47.4919
56.249, 47.491
55.6354, 47.215
55.0221, 47.2142
54.422, 46.9398
53.8221, 46.939
53.2287, 46.9382
52.6482, 46.6653
52.0678, 46.6644
51.4999, 46.3933
50.9322, 46.3925
50.3707, 46.3917
49.8213, 46.1219
49.2721, 46.1213
48.7288, 46.1205
48.1974, 45.8524
47.6661, 45.8516
47.1407, 45.8508
46.6265, 45.5843
46.1125, 45.5835
45.6095, 45.3186
45.1067, 45.3178
44.6147, 45.0544
44.1229, 45.0536
43.6364, 45.0528
43.1606, 44.7909
42.6848, 44.7902
42.2192, 44.5298
41.7538, 44.5291
41.2934, 44.5283
40.8431, 44.2695
40.3929, 44.2687
39.9523, 44.0114
39.5119, 44.0106
39.0809, 43.7548
38.6501, 43.7541
38.224, 43.7532
37.8071, 43.499
37.3902, 43.4982
36.9782, 43.4975
36.5748, 43.2447
36.1716, 43.2439
35.7771, 42.9926
35.3827, 42.9918
34.9968, 42.7419
34.611, 42.7412
34.2295, 42.7405
33.8561, 42.492
33.4828, 42.4913
33.1177, 42.2443
32.7526, 42.2436
32.3916, 42.2429
32.0382, 41.9973
31.6851, 41.9966
31.3395, 41.7525
30.994, 41.7518
30.6522, 41.7511
30.3144, 41.7503
29.9838, 41.5077
29.6533, 41.507
29.3264, 41.5062
29.0065, 41.265
28.6867, 41.2643
28.3738, 41.0244
28.0611, 41.0237
27.755, 40.7852
27.449, 40.7846
27.1464, 40.7839
26.8502, 40.5468
26.5544, 40.5461
26.2647, 40.3104
25.9752, 40.3096
25.6919, 40.0754
25.4086, 40.0747
25.1315, 39.8418
24.8545, 39.8411
24.5805, 39.8404
24.3124, 39.6089
24.0444, 39.6082
23.7793, 39.6075
23.5199, 39.3773
23.2607, 39.3766
23.0042, 39.3759
22.7532, 39.147
22.5025, 39.1464
22.2545, 39.1457
22.0117, 38.9182
21.7691, 38.9175
21.5316, 38.6913
21.2943, 38.6905
21.0594, 38.69
20.8298, 38.4651
20.6002, 38.4644
20.3755, 38.2408
20.1509, 38.2402
19.9287, 38.2395
19.7114, 38.0172
19.4964, 37.7963
19.2814, 37.7955
19.0689, 37.795
18.8609, 37.5753
18.653, 37.5746
18.4474, 37.5739
18.2462, 37.3556
18.045, 37.3549
17.846, 37.3543
17.6515, 37.1372
17.6535, 36.9219
17.461, 36.7073
17.463, 36.4946
17.2725, 36.2824
17.0821, 36.2818
16.8938, 36.2812
16.7096, 36.0703
16.5253, 36.0697
16.3432, 36.0691
16.163, 36.0685
15.9867, 35.8588
16.1649, 35.8594
16.3451, 35.8599
16.163, 36.0685
16.1611, 36.2787
15.983, 36.2781
15.9811, 36.4896
16.1593, 36.4902
16.3394, 36.4908
16.5196, 36.7042
16.7037, 36.7048
