0 1.000
0.010 0.985
0.020 0.972
0.030 0.959
0.040 0.947
0.050 0.935
0.060 0.924
0.080 0.902
0.100 0.882
0.150 0.835
0.200 0.793
0.250 0.755
0.292 0.727
0.300 0.721
0.333 0.700
0.350 0.691
0.375 0.675
0.400 0.660
0.417 0.651
0.458 0.627
0.500 0.607
0.542 0.582
0.584 0.569
0.600 0.562
0.625 0.552
0.667 0.535
0.700 0.521
0.709 0.518
0.750 0.502
0.792 0.488
0.800 0.485
0.833 0.475
0.875 0.461
0.900 0.453
0.917 0.449
0.958 0.436
1.000 0.425
1.042 0.414
1.083 0.406
1.100 0.398
1.125 0.393
1.167 0.382
1.200 0.375
1.208 0.374
1.250 0.364
1.300 0.353
1.400 0.333
1.458 0.322
1.500 0.315
1.600 0.297
1.667 0.287
1.700 0.283
1.800 0.268
1.875 0.259
1.900 0.255
2.000 0.244
2.083 0.234
2.200 0.221
2.292 0.212
2.400 0.202
2.500 0.193
2.600 0.185
~.708 0.176
2.800 0.170
2.918 0.162
3.000 0.157
3.125 0.150
3.200 0.145
3.333 0.138
3.400 0.134
3.500 0.130
3.542 0.127
3.600 0.125
3.750 0.118
3.800 0.116
3.960 0.110
4.000 0.108
4.167 0.102
4.375 0.0956
4.583 0.0895
4.792 0.0837
5.000 0.0788
5.209 0.0739
5.418 0.0695
5.625 0.0656
5.834 0.0619
6.042 0.0587
6.250 0.0554
6.458 0.0526
6.667 0.0500
6.875 0.0473
7.083 0.0450
7.292 0.0430
7.500 0.0408
7.708 0.0389
7.917 0.0371
8.125 0.0355
8.333 0.0340
8.542 0.0321
0.221 8.750
8.958 0.0298
9.167 0.0287
9.375 0.0275
9.583 0.0265
9.792 0.0255
10.000 0.0244
10.22 0.0235
10.44 0.0225
10.67 0.0216
10.92 0.0206
11.16 0.0198
11.43 0.0189
11.72 0.0180
12.01 0.0171
12.31 0.0163
12.63 0.0155
12.97 0.0147
13.33 0.0139
13.72 0.0131
14.lll 0.0123
14.55 0.0116
15.01 0.0109
15.48 0.0102
16.00 0.0094
16.56 0.0088
17.14 0.0081
17.78 0.0075
18.46 0.0069
19.20 0.0064
20.00 0.0058
20.87 0.0053
21.82 0.0048
22.85 0.0043
24.00 0.0038
25.26 0.0034
26.67 0.0030
28.24 0.0026
30.00 0.0022
32.00 0.0019
34.00 0.0017
34.29 0.0016
0.0310 36.00
36.92 0.0011
38.00 0.0013
40.00 0.0011
45.00 0.00079
50.00 0.00061
55.00 0.00049
60.00 0.00039
65.00 0.00031
70.00 0.00026
75.00 0.00022
80.00 0.00018
85.00 0.00015
90.00 0.00012
95.00 0.00011
100.00 0.00010
200.00 0.015
300.00 0.0546
400.00 0.0520
500.00 0.0510
600.00 0.0661
700.00 0.0639
800.00 0.0626
900.00 0.0618
1000.00 0.0613
