X	Y	Red	Green	Blue
470	65	0	0	153
471	65	0	0	153
472	65	0	0	153
473	65	0	0	153
474	65	0	0	153
475	65	0	0	153
476	65	0	0	153
470	66	0	0	153
476	66	0	0	153
470	67	0	0	153
476	67	0	0	153
470	68	0	0	153
476	68	0	0	153
470	69	0	0	153
476	69	0	0	153
470	70	0	0	153
470	71	0	0	153
470	72	0	0	153
470	73	0	0	153
470	74	0	0	153
470	75	0	0	153
476	75	0	0	153
470	76	0	0	153
476	76	0	0	153
470	77	0	0	153
476	77	0	0	153
470	78	0	0	153
476	78	0	0	153
470	79	0	0	153
476	79	0	0	153
470	80	0	0	153
476	80	0	0	153
470	81	0	0	153
476	81	0	0	153
470	82	0	0	153
476	82	0	0	153
470	83	0	0	153
476	83	0	0	153
464	84	0	0	153
465	84	0	0	153
466	84	0	0	153
467	84	0	0	153
468	84	0	0	153
469	84	0	0	153
470	84	0	0	153
476	84	0	0	153
464	85	0	0	153
476	85	0	0	153
464	86	0	0	153
476	86	0	0	153
464	87	0	0	153
476	87	0	0	153
464	88	0	0	153
476	88	0	0	153
464	89	0	0	153
476	89	0	0	153
464	90	0	0	153
476	90	0	0	153
464	91	0	0	153
476	91	0	0	153
464	92	0	0	153
476	92	0	0	153
464	93	0	0	153
476	93	0	0	153
464	94	0	0	153
476	94	0	0	153
464	95	0	0	153
476	95	0	0	153
464	96	0	0	153
476	96	0	0	153
464	97	0	0	153
476	97	0	0	153
464	98	0	0	153
476	98	0	0	153
464	99	0	0	153
476	99	0	0	153
477	99	0	0	153
478	99	0	0	153
479	99	0	0	153
480	99	0	0	153
481	99	0	0	153
464	100	0	0	153
481	100	0	0	153
464	101	0	0	153
481	101	0	0	153
464	102	0	0	153
481	102	0	0	153
464	103	0	0	153
481	103	0	0	153
464	104	0	0	153
481	104	0	0	153
464	105	0	0	153
481	105	0	0	153
464	106	0	0	153
481	106	0	0	153
464	107	0	0	153
481	107	0	0	153
464	108	0	0	153
481	108	0	0	153
464	109	0	0	153
481	109	0	0	153
464	110	0	0	153
481	110	0	0	153
464	111	0	0	153
481	111	0	0	153
464	112	0	0	153
481	112	0	0	153
464	113	0	0	153
481	113	0	0	153
464	114	0	0	153
481	114	0	0	153
464	115	0	0	153
481	115	0	0	153
464	116	0	0	153
481	116	0	0	153
464	117	0	0	153
481	117	0	0	153
464	118	0	0	153
481	118	0	0	153
464	119	0	0	153
481	119	0	0	153
464	120	0	0	153
481	120	0	0	153
464	121	0	0	153
481	121	0	0	153
464	122	0	0	153
481	122	0	0	153
464	123	0	0	153
481	123	0	0	153
464	124	0	0	153
481	124	0	0	153
464	125	0	0	153
481	125	0	0	153
464	126	0	0	153
481	126	0	0	153
464	127	0	0	153
481	127	0	0	153
464	128	0	0	153
481	128	0	0	153
464	129	0	0	153
481	129	0	0	153
464	130	0	0	153
481	130	0	0	153
464	131	0	0	153
481	131	0	0	153
464	132	0	0	153
481	132	0	0	153
464	133	0	0	153
481	133	0	0	153
464	134	0	0	153
481	134	0	0	153
464	135	0	0	153
481	135	0	0	153
464	136	0	0	153
481	136	0	0	153
464	137	0	0	153
481	137	0	0	153
464	138	0	0	153
481	138	0	0	153
464	139	0	0	153
481	139	0	0	153
464	140	0	0	153
481	140	0	0	153
464	141	0	0	153
481	141	0	0	153
464	142	0	0	153
481	142	0	0	153
464	143	0	0	153
481	143	0	0	153
464	144	0	0	153
481	144	0	0	153
464	145	0	0	153
481	145	0	0	153
464	146	0	0	153
481	146	0	0	153
464	147	0	0	153
481	147	0	0	153
464	148	0	0	153
481	148	0	0	153
464	149	0	0	153
481	149	0	0	153
464	150	0	0	153
481	150	0	0	153
464	151	0	0	153
481	151	0	0	153
464	152	0	0	153
481	152	0	0	153
464	153	0	0	153
481	153	0	0	153
464	154	0	0	153
481	154	0	0	153
464	155	0	0	153
481	155	0	0	153
482	155	0	0	153
483	155	0	0	153
484	155	0	0	153
485	155	0	0	153
486	155	0	0	153
464	156	0	0	153
464	157	0	0	153
464	158	0	0	153
459	159	0	0	153
460	159	0	0	153
461	159	0	0	153
462	159	0	0	153
463	159	0	0	153
464	159	0	0	153
459	160	0	0	153
459	161	0	0	153
459	162	0	0	153
459	163	0	0	153
459	164	0	0	153
459	165	0	0	153
459	166	0	0	153
459	167	0	0	153
487	167	0	0	153
459	168	0	0	153
487	168	0	0	153
459	169	0	0	153
487	169	0	0	153
459	170	0	0	153
487	170	0	0	153
459	171	0	0	153
487	171	0	0	153
459	172	0	0	153
487	172	0	0	153
459	173	0	0	153
487	173	0	0	153
459	174	0	0	153
487	174	0	0	153
459	175	0	0	153
487	175	0	0	153
459	176	0	0	153
487	176	0	0	153
459	177	0	0	153
487	177	0	0	153
459	178	0	0	153
487	178	0	0	153
459	179	0	0	153
487	179	0	0	153
459	180	0	0	153
487	180	0	0	153
459	181	0	0	153
487	181	0	0	153
459	182	0	0	153
487	182	0	0	153
459	183	0	0	153
487	183	0	0	153
459	184	0	0	153
487	184	0	0	153
459	185	0	0	153
487	185	0	0	153
459	186	0	0	153
487	186	0	0	153
459	187	0	0	153
487	187	0	0	153
459	188	0	0	153
487	188	0	0	153
459	189	0	0	153
487	189	0	0	153
459	190	0	0	153
487	190	0	0	153
459	191	0	0	153
487	191	0	0	153
459	192	0	0	153
487	192	0	0	153
459	193	0	0	153
487	193	0	0	153
459	194	0	0	153
487	194	0	0	153
459	195	0	0	153
487	195	0	0	153
459	196	0	0	153
487	196	0	0	153
459	197	0	0	153
487	197	0	0	153
459	198	0	0	153
487	198	0	0	153
459	199	0	0	153
487	199	0	0	153
459	200	0	0	153
487	200	0	0	153
459	201	0	0	153
487	201	0	0	153
459	202	0	0	153
487	202	0	0	153
459	203	0	0	153
487	203	0	0	153
459	204	0	0	153
487	204	0	0	153
459	205	0	0	153
487	205	0	0	153
459	206	0	0	153
487	206	0	0	153
459	207	0	0	153
487	207	0	0	153
459	208	0	0	153
487	208	0	0	153
459	209	0	0	153
487	209	0	0	153
459	210	0	0	153
487	210	0	0	153
459	211	0	0	153
487	211	0	0	153
488	211	0	0	153
489	211	0	0	153
490	211	0	0	153
459	212	0	0	153
459	213	0	0	153
459	214	0	0	153
459	215	0	0	153
459	216	0	0	153
459	217	0	0	153
459	218	0	0	153
459	219	0	0	153
459	220	0	0	153
459	221	0	0	153
459	222	0	0	153
459	223	0	0	153
459	224	0	0	153
459	225	0	0	153
459	226	0	0	153
459	227	0	0	153
459	228	0	0	153
459	229	0	0	153
459	230	0	0	153
459	231	0	0	153
459	232	0	0	153
459	233	0	0	153
492	234	0	0	153
492	235	0	0	153
492	236	0	0	153
492	237	0	0	153
492	238	0	0	153
492	239	0	0	153
492	240	0	0	153
492	241	0	0	153
492	242	0	0	153
492	243	0	0	153
492	244	0	0	153
492	245	0	0	153
492	246	0	0	153
492	247	0	0	153
492	248	0	0	153
492	249	0	0	153
492	250	0	0	153
492	251	0	0	153
492	252	0	0	153
492	253	0	0	153
492	254	0	0	153
492	255	0	0	153
492	256	0	0	153
492	257	0	0	153
492	258	0	0	153
492	259	0	0	153
492	260	0	0	153
459	261	0	0	153
492	261	0	0	153
459	262	0	0	153
492	262	0	0	153
459	263	0	0	153
492	263	0	0	153
459	264	0	0	153
492	264	0	0	153
459	265	0	0	153
492	265	0	0	153
459	266	0	0	153
492	266	0	0	153
459	267	0	0	153
492	267	0	0	153
459	268	0	0	153
492	268	0	0	153
459	269	0	0	153
492	269	0	0	153
493	269	0	0	153
494	269	0	0	153
497	269	0	0	153
498	269	0	0	153
459	270	0	0	153
498	270	0	0	153
459	271	0	0	153
498	271	0	0	153
459	272	0	0	153
498	272	0	0	153
459	273	0	0	153
498	273	0	0	153
453	274	0	0	153
454	274	0	0	153
455	274	0	0	153
458	274	0	0	153
459	274	0	0	153
498	274	0	0	153
453	275	0	0	153
498	275	0	0	153
453	276	0	0	153
498	276	0	0	153
453	277	0	0	153
498	277	0	0	153
453	278	0	0	153
498	278	0	0	153
453	279	0	0	153
498	279	0	0	153
453	280	0	0	153
498	280	0	0	153
453	281	0	0	153
498	281	0	0	153
453	282	0	0	153
498	282	0	0	153
453	283	0	0	153
498	283	0	0	153
453	284	0	0	153
498	284	0	0	153
453	285	0	0	153
498	285	0	0	153
453	286	0	0	153
498	286	0	0	153
453	287	0	0	153
498	287	0	0	153
453	288	0	0	153
498	288	0	0	153
453	289	0	0	153
498	289	0	0	153
453	290	0	0	153
498	290	0	0	153
453	291	0	0	153
498	291	0	0	153
453	292	0	0	153
498	292	0	0	153
453	293	0	0	153
498	293	0	0	153
453	294	0	0	153
498	294	0	0	153
453	295	0	0	153
453	296	0	0	153
453	297	0	0	153
453	298	0	0	153
453	299	0	0	153
453	300	0	0	153
453	301	0	0	153
453	302	0	0	153
453	303	0	0	153
453	304	0	0	153
453	305	0	0	153
453	306	0	0	153
453	307	0	0	153
453	308	0	0	153
453	309	0	0	153
453	310	0	0	153
453	311	0	0	153
453	312	0	0	153
453	313	0	0	153
453	314	0	0	153
453	315	0	0	153
453	316	0	0	153
453	317	0	0	153
498	319	0	0	153
498	320	0	0	153
501	320	0	0	153
502	320	0	0	153
503	320	0	0	153
503	321	0	0	153
503	322	0	0	153
503	323	0	0	153
503	324	0	0	153
503	325	0	0	153
503	326	0	0	153
503	327	0	0	153
503	328	0	0	153
503	329	0	0	153
503	330	0	0	153
503	331	0	0	153
503	332	0	0	153
503	333	0	0	153
503	334	0	0	153
503	335	0	0	153
503	336	0	0	153
503	337	0	0	153
503	338	0	0	153
453	339	0	0	153
503	339	0	0	153
453	340	0	0	153
503	340	0	0	153
453	341	0	0	153
503	341	0	0	153
453	342	0	0	153
503	342	0	0	153
453	343	0	0	153
503	343	0	0	153
453	344	0	0	153
503	344	0	0	153
453	345	0	0	153
503	345	0	0	153
453	346	0	0	153
453	347	0	0	153
453	348	0	0	153
453	349	0	0	153
453	350	0	0	153
453	351	0	0	153
453	352	0	0	153
453	353	0	0	153
453	354	0	0	153
453	355	0	0	153
453	356	0	0	153
453	357	0	0	153
453	358	0	0	153
453	359	0	0	153
505	359	0	0	153
506	359	0	0	153
507	359	0	0	153
508	359	0	0	153
509	359	0	0	153
453	360	0	0	153
509	360	0	0	153
453	361	0	0	153
509	361	0	0	153
451	362	0	0	153
452	362	0	0	153
453	362	0	0	153
509	362	0	0	153
509	363	0	0	153
509	364	0	0	153
509	365	0	0	153
509	366	0	0	153
509	367	0	0	153
509	368	0	0	153
509	369	0	0	153
509	370	0	0	153
509	371	0	0	153
509	372	0	0	153
509	373	0	0	153
509	374	0	0	153
509	375	0	0	153
448	376	0	0	153
509	376	0	0	153
448	377	0	0	153
509	377	0	0	153
448	378	0	0	153
509	378	0	0	153
448	379	0	0	153
509	379	0	0	153
448	380	0	0	153
509	380	0	0	153
448	381	0	0	153
509	381	0	0	153
448	382	0	0	153
509	382	0	0	153
448	383	0	0	153
509	383	0	0	153
448	384	0	0	153
509	384	0	0	153
448	385	0	0	153
509	385	0	0	153
448	386	0	0	153
509	386	0	0	153
510	386	0	0	153
511	386	0	0	153
512	386	0	0	153
513	386	0	0	153
514	386	0	0	153
515	386	0	0	153
448	387	0	0	153
515	387	0	0	153
448	388	0	0	153
515	388	0	0	153
448	389	0	0	153
515	389	0	0	153
448	390	0	0	153
515	390	0	0	153
448	391	0	0	153
515	391	0	0	153
448	392	0	0	153
515	392	0	0	153
448	393	0	0	153
515	393	0	0	153
448	394	0	0	153
515	394	0	0	153
448	395	0	0	153
515	395	0	0	153
448	396	0	0	153
515	396	0	0	153
448	397	0	0	153
515	397	0	0	153
448	398	0	0	153
515	398	0	0	153
448	399	0	0	153
515	399	0	0	153
448	400	0	0	153
515	400	0	0	153
448	401	0	0	153
515	401	0	0	153
448	402	0	0	153
515	402	0	0	153
448	403	0	0	153
515	403	0	0	153
443	404	0	0	153
444	404	0	0	153
445	404	0	0	153
446	404	0	0	153
447	404	0	0	153
448	404	0	0	153
515	404	0	0	153
515	405	0	0	153
516	405	0	0	153
517	405	0	0	153
518	405	0	0	153
519	405	0	0	153
520	405	0	0	153
520	406	0	0	153
442	407	0	0	153
520	407	0	0	153
442	408	0	0	153
520	408	0	0	153
442	409	0	0	153
520	409	0	0	153
442	410	0	0	153
520	410	0	0	153
442	411	0	0	153
520	411	0	0	153
442	412	0	0	153
520	412	0	0	153
442	413	0	0	153
520	413	0	0	153
442	414	0	0	153
520	414	0	0	153
442	415	0	0	153
520	415	0	0	153
442	416	0	0	153
520	416	0	0	153
521	416	0	0	153
522	416	0	0	153
523	416	0	0	153
524	416	0	0	153
525	416	0	0	153
526	416	0	0	153
442	417	0	0	153
526	417	0	0	153
442	418	0	0	153
526	418	0	0	153
437	419	0	0	153
438	419	0	0	153
439	419	0	0	153
441	419	0	0	153
442	419	0	0	153
526	419	0	0	153
437	420	0	0	153
526	420	0	0	153
437	421	0	0	153
526	421	0	0	153
527	421	0	0	153
528	421	0	0	153
529	421	0	0	153
530	421	0	0	153
531	421	0	0	153
431	422	0	0	153
432	422	0	0	153
433	422	0	0	153
434	422	0	0	153
435	422	0	0	153
436	422	0	0	153
437	422	0	0	153
531	422	0	0	153
429	423	0	0	153
430	423	0	0	153
431	423	0	0	153
