429	48	51
430	48	51
431	48	51
431	49	51
432	49	51
433	49	51
434	49	51
435	49	51
436	49	51
437	49	51
531	49	51
437	50	51
526	50	51
527	50	51
528	50	51
529	50	51
530	50	51
531	50	51
437	51	51
526	51	51
437	52	51
438	52	51
439	52	51
441	52	51
442	52	51
526	52	51
442	53	51
526	53	51
442	54	51
526	54	51
442	55	51
520	55	51
521	55	51
522	55	51
523	55	51
524	55	51
525	55	51
526	55	51
442	56	51
520	56	51
442	57	51
520	57	51
442	58	51
520	58	51
442	59	51
520	59	51
442	60	51
520	60	51
442	61	51
520	61	51
442	62	51
520	62	51
442	63	51
520	63	51
442	64	51
520	64	51
520	65	51
515	66	51
516	66	51
517	66	51
518	66	51
519	66	51
520	66	51
443	67	51
444	67	51
445	67	51
446	67	51
447	67	51
448	67	51
515	67	51
448	68	51
515	68	51
448	69	51
515	69	51
448	70	51
515	70	51
448	71	51
515	71	51
448	72	51
515	72	51
448	73	51
515	73	51
448	74	51
515	74	51
448	75	51
515	75	51
448	76	51
515	76	51
448	77	51
515	77	51
448	78	51
515	78	51
448	79	51
515	79	51
448	80	51
515	80	51
448	81	51
515	81	51
448	82	51
515	82	51
448	83	51
515	83	51
448	84	51
515	84	51
448	85	51
509	85	51
510	85	51
511	85	51
512	85	51
513	85	51
514	85	51
515	85	51
448	86	51
509	86	51
448	87	51
509	87	51
448	88	51
509	88	51
448	89	51
509	89	51
448	90	51
509	90	51
448	91	51
509	91	51
448	92	51
509	92	51
448	93	51
509	93	51
448	94	51
509	94	51
448	95	51
509	95	51
509	96	51
509	97	51
509	98	51
509	99	51
509	100	51
509	101	51
509	102	51
509	103	51
509	104	51
509	105	51
509	106	51
509	107	51
509	108	51
451	109	51
452	109	51
453	109	51
509	109	51
453	110	51
509	110	51
453	111	51
509	111	51
453	112	51
505	112	51
506	112	51
507	112	51
508	112	51
509	112	51
453	113	51
453	114	51
453	115	51
453	116	51
453	117	51
453	118	51
453	119	51
453	120	51
453	121	51
453	122	51
453	123	51
453	124	51
453	125	51
453	126	51
503	126	51
453	127	51
503	127	51
453	128	51
503	128	51
453	129	51
503	129	51
453	130	51
503	130	51
453	131	51
503	131	51
453	132	51
503	132	51
503	133	51
503	134	51
503	135	51
503	136	51
503	137	51
503	138	51
503	139	51
503	140	51
503	141	51
503	142	51
503	143	51
503	144	51
503	145	51
503	146	51
503	147	51
503	148	51
503	149	51
503	150	51
498	151	51
501	151	51
502	151	51
503	151	51
498	152	51
453	154	51
453	155	51
453	156	51
453	157	51
453	158	51
453	159	51
453	160	51
453	161	51
453	162	51
453	163	51
453	164	51
453	165	51
453	166	51
453	167	51
453	168	51
453	169	51
453	170	51
453	171	51
453	172	51
453	173	51
453	174	51
453	175	51
453	176	51
453	177	51
498	177	51
453	178	51
498	178	51
453	179	51
498	179	51
453	180	51
498	180	51
453	181	51
498	181	51
453	182	51
498	182	51
453	183	51
498	183	51
453	184	51
498	184	51
453	185	51
498	185	51
453	186	51
498	186	51
453	187	51
498	187	51
453	188	51
498	188	51
453	189	51
498	189	51
453	190	51
498	190	51
453	191	51
498	191	51
453	192	51
498	192	51
453	193	51
498	193	51
453	194	51
498	194	51
453	195	51
498	195	51
453	196	51
498	196	51
453	197	51
454	197	51
455	197	51
458	197	51
459	197	51
498	197	51
459	198	51
498	198	51
459	199	51
498	199	51
459	200	51
498	200	51
459	201	51
498	201	51
459	202	51
492	202	51
493	202	51
494	202	51
497	202	51
498	202	51
459	203	51
492	203	51
459	204	51
492	204	51
459	205	51
492	205	51
459	206	51
492	206	51
459	207	51
492	207	51
459	208	51
492	208	51
459	209	51
492	209	51
459	210	51
492	210	51
492	211	51
492	212	51
492	213	51
492	214	51
492	215	51
492	216	51
492	217	51
492	218	51
492	219	51
492	220	51
492	221	51
492	222	51
492	223	51
492	224	51
492	225	51
492	226	51
492	227	51
492	228	51
492	229	51
492	230	51
492	231	51
492	232	51
492	233	51
492	234	51
492	235	51
492	236	51
492	237	51
459	238	51
459	239	51
459	240	51
459	241	51
459	242	51
459	243	51
459	244	51
459	245	51
459	246	51
459	247	51
459	248	51
459	249	51
459	250	51
459	251	51
459	252	51
459	253	51
459	254	51
459	255	51
459	256	51
459	257	51
459	258	51
459	259	51
459	260	51
487	260	51
488	260	51
489	260	51
490	260	51
459	261	51
487	261	51
459	262	51
487	262	51
459	263	51
487	263	51
459	264	51
487	264	51
459	265	51
487	265	51
459	266	51
487	266	51
459	267	51
487	267	51
459	268	51
487	268	51
459	269	51
487	269	51
459	270	51
487	270	51
459	271	51
487	271	51
459	272	51
487	272	51
459	273	51
487	273	51
459	274	51
487	274	51
459	275	51
487	275	51
459	276	51
487	276	51
459	277	51
487	277	51
459	278	51
487	278	51
459	279	51
487	279	51
459	280	51
487	280	51
459	281	51
487	281	51
459	282	51
487	282	51
459	283	51
487	283	51
459	284	51
487	284	51
459	285	51
487	285	51
459	286	51
487	286	51
459	287	51
487	287	51
459	288	51
487	288	51
459	289	51
487	289	51
459	290	51
487	290	51
459	291	51
487	291	51
459	292	51
487	292	51
459	293	51
487	293	51
459	294	51
487	294	51
459	295	51
487	295	51
459	296	51
487	296	51
459	297	51
487	297	51
459	298	51
487	298	51
459	299	51
487	299	51
459	300	51
487	300	51
459	301	51
487	301	51
459	302	51
487	302	51
459	303	51
487	303	51
459	304	51
487	304	51
459	305	51
459	306	51
459	307	51
459	308	51
459	309	51
459	310	51
459	311	51
459	312	51
460	312	51
461	312	51
462	312	51
463	312	51
464	312	51
464	313	51
464	314	51
464	315	51
464	316	51
481	316	51
482	316	51
483	316	51
484	316	51
485	316	51
486	316	51
464	317	51
481	317	51
464	318	51
481	318	51
464	319	51
481	319	51
464	320	51
481	320	51
464	321	51
481	321	51
464	322	51
481	322	51
464	323	51
481	323	51
464	324	51
481	324	51
464	325	51
481	325	51
464	326	51
481	326	51
464	327	51
481	327	51
464	328	51
481	328	51
464	329	51
481	329	51
464	330	51
481	330	51
464	331	51
481	331	51
464	332	51
481	332	51
464	333	51
481	333	51
464	334	51
481	334	51
464	335	51
481	335	51
464	336	51
481	336	51
464	337	51
481	337	51
464	338	51
481	338	51
464	339	51
481	339	51
464	340	51
481	340	51
464	341	51
481	341	51
464	342	51
481	342	51
464	343	51
481	343	51
464	344	51
481	344	51
464	345	51
481	345	51
464	346	51
481	346	51
464	347	51
481	347	51
464	348	51
481	348	51
464	349	51
481	349	51
464	350	51
481	350	51
464	351	51
481	351	51
464	352	51
481	352	51
464	353	51
481	353	51
464	354	51
481	354	51
464	355	51
481	355	51
464	356	51
481	356	51
464	357	51
481	357	51
464	358	51
481	358	51
464	359	51
481	359	51
464	360	51
481	360	51
464	361	51
481	361	51
464	362	51
481	362	51
464	363	51
481	363	51
464	364	51
481	364	51
464	365	51
481	365	51
464	366	51
481	366	51
464	367	51
481	367	51
464	368	51
481	368	51
464	369	51
481	369	51
464	370	51
481	370	51
464	371	51
481	371	51
464	372	51
476	372	51
477	372	51
478	372	51
479	372	51
480	372	51
481	372	51
464	373	51
476	373	51
464	374	51
476	374	51
464	375	51
476	375	51
464	376	51
476	376	51
464	377	51
476	377	51
464	378	51
476	378	51
464	379	51
476	379	51
464	380	51
476	380	51
464	381	51
476	381	51
464	382	51
476	382	51
464	383	51
476	383	51
464	384	51
476	384	51
464	385	51
476	385	51
464	386	51
476	386	51
464	387	51
465	387	51
466	387	51
467	387	51
468	387	51
469	387	51
470	387	51
476	387	51
470	388	51
476	388	51
470	389	51
476	389	51
470	390	51
476	390	51
470	391	51
476	391	51
470	392	51
476	392	51
470	393	51
476	393	51
470	394	51
476	394	51
470	395	51
476	395	51
470	396	51
476	396	51
470	397	51
470	398	51
470	399	51
470	400	51
470	401	51
470	402	51
476	402	51
470	403	51
476	403	51
470	404	51
476	404	51
470	405	51
476	405	51
470	406	51
471	406	51
472	406	51
473	406	51
474	406	51
475	406	51
476	406	51
